{"Shader":{"ver":"0.1","info":{"id":"Xts3z2","date":"1423442774","viewed":830,"name":"sumotori moment","username":"archee","description":"exported scene from the game Sumotori Dreams. <br\/>Comment out #define SIMPLESCENE to see more details.<br\/>","likes":5,"published":3,"flags":0,"tags":["raytracing","cubes","shadows","sumotori"],"hasliked":0},"renderpass":[{"inputs":[],"outputs":[{"channel":"0"}],"code":"#define AUTOCAM\n#define SIMPLESCENE\n#define SPECULAR\n#define BUMPY\n#define SHADOWS\n\/\/#define HDR\n\n\/\/ rotate camera\n#define pee (acos(0.0)*2.0)\n#ifdef AUTOCAM\nfloat anglex = sin(iGlobalTime*0.3)*-0.2+-0.2;\nfloat angley = iGlobalTime*0.2-0.4;\n#else\nfloat anglex = -( iMouse.y\/iResolution.y*0.5-0.05)*pee*1.2; \/\/ mouse cam\nfloat angley = -iMouse.x\/iResolution.x*pee*2.0;\n#endif\n\nvec3 campos;\nvec3 dir;\n\n \n\nvec3 rotatex(vec3 v,float anglex)\n{\n\tfloat t;\n\tt =   v.y*cos(anglex) - v.z*sin(anglex);\n\tv.z = v.z*cos(anglex) + v.y*sin(anglex);\n\tv.y = t;\n\treturn v;\n}\n\nvec3 rotcam(vec3 v)\n{\n\tfloat t;\n\tv = rotatex(v,anglex);\n\t\n\tt = v.x * cos(angley) - v.z*sin(angley);\n\tv.z = v.z*cos(angley) + v.x*sin(angley);\n\tv.x = t;\n\treturn v;\n}\n\nint side; \/\/ 1 for raytracing outside glass,  -1 for raytracing inside glass\n\nfloat gTravel;\nvec3 gNormal;\n\nfloat travelMax,travelMin;\nvec3 normalMax,normalMin;\n\n\/\/ a ray hits a surface surfaceside shows weather it hit from the rear or front of the plane \nvoid update(float surfaceside,float travel,vec3 normal)\n{\n\tif (surfaceside<0.0)\n\t{\n\t\tif (travelMax<travel)\n\t\t{\n\t\t\ttravelMax = travel;\n\t\t\tnormalMax = normal;\n\t\t}\n\t}\n\telse\n\t{\n        travelMin = min(travelMin,travel);\n\t}\n}\n\nvoid hitPlane(vec3 normal,float shift) \/\/ check ray-plane intersection. Planes are infinte large\n{\n\tshift += normal.y;         \/\/ and shift up from the ground height\n\t\n\tfloat distFromPlane = dot(normal,campos) - shift;\n\tfloat travel = -distFromPlane \/ dot(normal,dir);\n\tupdate(dot(normal,dir),travel,normal);\n}\n\nvoid startObj()\n{\n\ttravelMax = -1e35;\n\ttravelMin = 1e35;\n}\n\nvoid endObj()\n{\n\/\/\tif (travelMax<travelMin)     \/\/ enable this for nonconvex objects\n\t{\n        if (travelMax<travelMin && travelMax>0.0 && travelMax<gTravel)\n        {\n            gTravel = travelMax;\n            gNormal = normalMax;\n\t\t}\n\t}\n}\n\n#define plane(a,b,c,d) hitPlane(vec3(a,b,c),-d)\n\nvoid hitScene();\n\n\n\nvoid bumpit()\n{\n#ifdef BUMPY\n\tgNormal.x += sin(campos.x*3.0)*0.02;\n\tgNormal.y += sin(campos.y*3.0)*0.02;\n\tgNormal.z += sin(campos.z*3.0)*0.02;\n\tgNormal = normalize(gNormal);\n#endif\n}\n\nvec3 lightDir;\n\nvec3 get()\n{\n    \n    float lightintTimePhase = iGlobalTime\/8.0;\n    float sunLightStr = min(1.0,abs(sin(lightintTimePhase*acos(0.0)*2.0)*4.0));\n    float angle = float(int(lightintTimePhase))*2.1+2.0;\n    lightDir = normalize(vec3(sin(angle),-1.3,cos(angle)));\t\t\t\t\t \n\n    \n    gNormal = vec3(0.0,-1.0,0.0);\n    hitScene();\n    \n    \n    campos += dir * gTravel;\n    bumpit();\n    \n    vec3 matColor = vec3(1.0,0.6,0.1);\n    vec3 ambient = matColor * mix(vec3(0.3,0.5,0.6),vec3(0.4,0.2,0.0)*sunLightStr,gNormal.y*0.5+0.5);\n    vec3 diffuse = matColor * max(dot(gNormal,lightDir),0.0)*0.8*sunLightStr;\n\n#ifdef SPECULAR    \n    vec3 refdir = reflect(dir,normalize(gNormal));\n    float f = dot(refdir,lightDir);\n    vec3 refdirplane = normalize(refdir - gNormal*dot(gNormal,refdir));\n    vec3 lightdirplane = normalize(lightDir - gNormal*dot(gNormal,lightDir));\n    vec3 sidevec = normalize(cross(refdir,gNormal));\n    float specy = dot( cross(sidevec,refdir), lightDir);\n    float specx = length(cross(refdirplane,lightdirplane)) \/ dot(refdir,gNormal);\n    \n    float f2 = length(vec2(specx,specy));\n    \n    float g = min(1.0 + dot(dir,gNormal),1.0);\n    float fresnel = g*g*g*0.95+0.05;\n   \n    vec3 specular = vec3(1.0,1.0,1.0) * (f>0.5 ? max(exp(f2*-6.0)*40.0,0.0)  : 0.0) * sunLightStr*fresnel;\n    diffuse += specular;\n  #endif\n        \n        \n    \n    float fog = exp(gTravel*-0.003);\n    dir = lightDir;\n    gTravel = 1e35;\n    #ifdef SHADOWS\n    hitScene();\n    #endif\n    \n    \n    return mix(vec3(0.1,0.2,0.3), (ambient+ ((gTravel>999.0)?(diffuse):vec3(0.0,0.0,0.0)))*1.2,  fog);\n}\n\n\n\t\nfloat func(float x) \/\/ the func for HDR (looks better with HDR disabled)\n{\n\treturn x\/(x+3.0)*3.0;\n}\nvec3 hdr(vec3 color)\n{\n    #ifdef HDR\n\tfloat pow = length(color);\n\tcolor =  color * func(pow)\/pow*1.2;\n    #endif\n    return color;\n}\n\nvoid mainImage( out vec4 fragColor, in vec2 fragCoord )\n{\n\tvec2 uv = fragCoord.xy \/ iResolution.xy;\n\tcampos = vec3(0,-14,0);\n\tdir = vec3(uv*2.0-1.0,1);\n\tdir.y *= -9.0\/16.0; \/\/ wide screen\n\t\n\tdir = normalize(rotcam(dir));\n\tcampos -= rotcam(vec3(0,0,35.0 + 200.0*exp(iGlobalTime*-0.8))); \/\/ back up from subject\n\t\n\tgTravel = 1e35;\n\tside = 1;\n\t\n\t\t\n\tfragColor = vec4(hdr(get()),1.0); \/\/ add HDR() if you like it\n}\n\n\nvoid hitScene()\n{\nstartObj();\nplane(float(0),float(1),float(0),float(-7));\nplane(float(1),float(0),float(0),float(-180));\nplane(float(0),float(0),float(-1),float(-180));\nplane(float(-1),float(0),float(0),float(-180));\nplane(float(0),float(-1),float(0),float(1));\nplane(float(0),float(0),float(1),float(-180));\nendObj();\nstartObj();\nplane(float(0),float(1),float(0),float(-1));\nplane(float(1),float(0),float(0),float(-31));\nplane(float(0),float(-0.624695),float(-0.780869),float(-27.3304));\nplane(float(-1),float(0),float(0),float(-31));\nplane(float(0),float(-1),float(0),float(-5));\nplane(float(0),float(-0.624695),float(0.780869),float(-27.3304));\nendObj();\n\n#ifndef SIMPLESCENE\n    \nstartObj();\nplane(float(0),float(1),float(0),float(-1));\nplane(float(1),float(0),float(0),float(-53));\nplane(float(0),float(0),float(-1),float(-54.5));\nplane(float(-1),float(0),float(0),float(37));\nplane(float(0),float(-1),float(0),float(-7));\nplane(float(0),float(0),float(1),float(53.5));\nendObj();\nstartObj();\nplane(float(0),float(1),float(0),float(-1));\nplane(float(1),float(0),float(0),float(-35));\nplane(float(0),float(0),float(-1),float(-54.5));\nplane(float(-1),float(0),float(0),float(19));\nplane(float(0),float(-1),float(0),float(-7));\nplane(float(0),float(0),float(1),float(53.5));\nendObj();\nstartObj();\nplane(float(0),float(1),float(0),float(-1));\nplane(float(1),float(0),float(0),float(-17));\nplane(float(0),float(0),float(-1),float(-54.5));\nplane(float(-1),float(0),float(0),float(1));\nplane(float(0),float(-1),float(0),float(-7));\nplane(float(0),float(0),float(1),float(53.5));\nendObj();\nstartObj();\nplane(float(0),float(1),float(0),float(-1));\nplane(float(1),float(0),float(0),float(1));\nplane(float(0),float(0),float(-1),float(-54.5));\nplane(float(-1),float(0),float(0),float(-17));\nplane(float(0),float(-1),float(0),float(-7));\nplane(float(0),float(0),float(1),float(53.5));\nendObj();\nstartObj();\nplane(float(0),float(1),float(0),float(-1));\nplane(float(1),float(0),float(0),float(19));\nplane(float(0),float(0),float(-1),float(-54.5));\nplane(float(-1),float(0),float(0),float(-35));\nplane(float(0),float(-1),float(0),float(-7));\nplane(float(0),float(0),float(1),float(53.5));\nendObj();\nstartObj();\nplane(float(0),float(1),float(0),float(-1));\nplane(float(1),float(0),float(0),float(37));\nplane(float(0),float(0),float(-1),float(-54.5));\nplane(float(-1),float(0),float(0),float(-53));\nplane(float(0),float(-1),float(0),float(-7));\nplane(float(0),float(0),float(1),float(53.5));\nendObj();\nstartObj();\nplane(float(0),float(1),float(0),float(-1));\nplane(float(-4.37114e-008),float(0),float(1),float(-53));\nplane(float(1),float(0),float(4.37114e-008),float(-54.5));\nplane(float(4.37114e-008),float(0),float(-1),float(37));\nplane(float(-0),float(-1),float(0),float(-7));\nplane(float(-1),float(0),float(-4.37114e-008),float(53.5));\nendObj();\nstartObj();\nplane(float(0),float(1),float(0),float(-1));\nplane(float(-4.37114e-008),float(0),float(1),float(-35));\nplane(float(1),float(0),float(4.37114e-008),float(-54.5));\nplane(float(4.37114e-008),float(0),float(-1),float(19));\nplane(float(-0),float(-1),float(0),float(-7));\nplane(float(-1),float(0),float(-4.37114e-008),float(53.5));\nendObj();\nstartObj();\nplane(float(0),float(1),float(0),float(-1));\nplane(float(-4.37114e-008),float(0),float(1),float(-17));\nplane(float(1),float(0),float(4.37114e-008),float(-54.5));\nplane(float(4.37114e-008),float(0),float(-1),float(0.999998));\nplane(float(-0),float(-1),float(0),float(-7));\nplane(float(-1),float(0),float(-4.37114e-008),float(53.5));\nendObj();\nstartObj();\nplane(float(0),float(1),float(0),float(-1));\nplane(float(-4.37114e-008),float(0),float(1),float(0.999998));\nplane(float(1),float(0),float(4.37114e-008),float(-54.5));\nplane(float(4.37114e-008),float(0),float(-1),float(-17));\nplane(float(-0),float(-1),float(0),float(-7));\nplane(float(-1),float(0),float(-4.37114e-008),float(53.5));\nendObj();\nstartObj();\nplane(float(0),float(1),float(0),float(-1));\nplane(float(-4.37114e-008),float(0),float(1),float(19));\nplane(float(1),float(0),float(4.37114e-008),float(-54.5));\nplane(float(4.37114e-008),float(0),float(-1),float(-35));\nplane(float(-0),float(-1),float(0),float(-7));\nplane(float(-1),float(0),float(-4.37114e-008),float(53.5));\nendObj();\nstartObj();\nplane(float(0),float(1),float(0),float(-1));\nplane(float(-4.37114e-008),float(0),float(1),float(37));\nplane(float(1),float(0),float(4.37114e-008),float(-54.5));\nplane(float(4.37114e-008),float(0),float(-1),float(-53));\nplane(float(-0),float(-1),float(0),float(-7));\nplane(float(-1),float(0),float(-4.37114e-008),float(53.5));\nendObj();\nstartObj();\nplane(float(0),float(1),float(0),float(-1));\nplane(float(-1),float(0),float(-8.74228e-008),float(-53));\nplane(float(-8.74228e-008),float(0),float(1),float(-54.5));\nplane(float(1),float(0),float(8.74228e-008),float(37));\nplane(float(0),float(-1),float(-0),float(-7));\nplane(float(8.74228e-008),float(0),float(-1),float(53.5));\nendObj();\nstartObj();\nplane(float(0),float(1),float(0),float(-1));\nplane(float(-1),float(0),float(-8.74228e-008),float(-35));\nplane(float(-8.74228e-008),float(0),float(1),float(-54.5));\nplane(float(1),float(0),float(8.74228e-008),float(19));\nplane(float(0),float(-1),float(-0),float(-7));\nplane(float(8.74228e-008),float(0),float(-1),float(53.5));\nendObj();\nstartObj();\nplane(float(0),float(1),float(0),float(-1));\nplane(float(-1),float(0),float(-8.74228e-008),float(-17));\nplane(float(-8.74228e-008),float(0),float(1),float(-54.5));\nplane(float(1),float(0),float(8.74228e-008),float(1));\nplane(float(0),float(-1),float(-0),float(-7));\nplane(float(8.74228e-008),float(0),float(-1),float(53.5));\nendObj();\nstartObj();\nplane(float(0),float(1),float(0),float(-1));\nplane(float(-1),float(0),float(-8.74228e-008),float(1));\nplane(float(-8.74228e-008),float(0),float(1),float(-54.5));\nplane(float(1),float(0),float(8.74228e-008),float(-17));\nplane(float(0),float(-1),float(-0),float(-7));\nplane(float(8.74228e-008),float(0),float(-1),float(53.5));\nendObj();\nstartObj();\nplane(float(0),float(1),float(0),float(-1));\nplane(float(-1),float(0),float(-8.74228e-008),float(19));\nplane(float(-8.74228e-008),float(0),float(1),float(-54.5));\nplane(float(1),float(0),float(8.74228e-008),float(-35));\nplane(float(0),float(-1),float(-0),float(-7));\nplane(float(8.74228e-008),float(0),float(-1),float(53.5));\nendObj();\nstartObj();\nplane(float(0),float(1),float(0),float(-1));\nplane(float(-1),float(0),float(-8.74228e-008),float(37));\nplane(float(-8.74228e-008),float(0),float(1),float(-54.5));\nplane(float(1),float(0),float(8.74228e-008),float(-53));\nplane(float(0),float(-1),float(-0),float(-7));\nplane(float(8.74228e-008),float(0),float(-1),float(53.5));\nendObj();\nstartObj();\nplane(float(0),float(1),float(0),float(-0.999998));\nplane(float(-4.64912e-007),float(0),float(-1),float(-53));\nplane(float(-1),float(0),float(4.64912e-007),float(-54.5));\nplane(float(4.64912e-007),float(0),float(1),float(37));\nplane(float(0),float(-1),float(-0),float(-7));\nplane(float(1),float(0),float(-4.64912e-007),float(53.5));\nendObj();\nstartObj();\nplane(float(0),float(1),float(0),float(-0.999998));\nplane(float(-4.64912e-007),float(0),float(-1),float(-35));\nplane(float(-1),float(0),float(4.64912e-007),float(-54.5));\nplane(float(4.64912e-007),float(0),float(1),float(19));\nplane(float(0),float(-1),float(-0),float(-7));\nplane(float(1),float(0),float(-4.64912e-007),float(53.5));\nendObj();\nstartObj();\nplane(float(0),float(1),float(0),float(-0.999998));\nplane(float(-4.64912e-007),float(0),float(-1),float(-17));\nplane(float(-1),float(0),float(4.64912e-007),float(-54.5));\nplane(float(4.64912e-007),float(0),float(1),float(1));\nplane(float(0),float(-1),float(-0),float(-7));\nplane(float(1),float(0),float(-4.64912e-007),float(53.5));\nendObj();\nstartObj();\nplane(float(0),float(1),float(0),float(-0.999998));\nplane(float(-4.64912e-007),float(0),float(-1),float(1));\nplane(float(-1),float(0),float(4.64912e-007),float(-54.5));\nplane(float(4.64912e-007),float(0),float(1),float(-17));\nplane(float(0),float(-1),float(-0),float(-7));\nplane(float(1),float(0),float(-4.64912e-007),float(53.5));\nendObj();\nstartObj();\nplane(float(0),float(1),float(0),float(-0.999998));\nplane(float(-4.64912e-007),float(0),float(-1),float(19));\nplane(float(-1),float(0),float(4.64912e-007),float(-54.5));\nplane(float(4.64912e-007),float(0),float(1),float(-35));\nplane(float(0),float(-1),float(-0),float(-7));\nplane(float(1),float(0),float(-4.64912e-007),float(53.5));\nendObj();\nstartObj();\nplane(float(0),float(1),float(0),float(-0.999998));\nplane(float(-4.64912e-007),float(0),float(-1),float(37));\nplane(float(-1),float(0),float(4.64912e-007),float(-54.5));\nplane(float(4.64912e-007),float(0),float(1),float(-53));\nplane(float(0),float(-1),float(-0),float(-7));\nplane(float(1),float(0),float(-4.64912e-007),float(53.5));\nendObj();\nstartObj();\nplane(float(0),float(0.707107),float(-0.707107),float(-15.7564));\nplane(float(1),float(0),float(0),float(-2.6));\nplane(float(0),float(-0.707107),float(-0.707107),float(-23.0774));\nplane(float(-1),float(0),float(0),float(-2.6));\nplane(float(0),float(-0.707107),float(0.707107),float(15.3564));\nplane(float(0),float(0.707107),float(0.707107),float(22.1774));\nendObj();\nstartObj();\nplane(float(0.14234),float(0.707107),float(-0.692632),float(-15.7563));\nplane(float(0.97953),float(0),float(0.201299),float(-2.6));\nplane(float(0.14234),float(-0.707107),float(-0.692632),float(-23.0774));\nplane(float(-0.97953),float(0),float(-0.201299),float(-2.6));\nplane(float(-0.14234),float(-0.707107),float(0.692632),float(15.3564));\nplane(float(-0.14234),float(0.707107),float(0.692632),float(22.1774));\nendObj();\nstartObj();\nplane(float(0.278852),float(0.707107),float(-0.649801),float(-15.7564));\nplane(float(0.918958),float(0),float(0.394356),float(-2.6));\nplane(float(0.278852),float(-0.707107),float(-0.649801),float(-23.0774));\nplane(float(-0.918958),float(0),float(-0.394356),float(-2.6));\nplane(float(-0.278852),float(-0.707107),float(0.649801),float(15.3564));\nplane(float(-0.278852),float(0.707107),float(0.649801),float(22.1774));\nendObj();\nstartObj();\nplane(float(0.403948),float(0.707107),float(-0.580367),float(-15.7563));\nplane(float(0.820764),float(0),float(0.571268),float(-2.6));\nplane(float(0.403948),float(-0.707107),float(-0.580367),float(-23.0774));\nplane(float(-0.820764),float(0),float(-0.571268),float(-2.6));\nplane(float(-0.403948),float(-0.707107),float(0.580367),float(15.3563));\nplane(float(-0.403948),float(0.707107),float(0.580367),float(22.1774));\nendObj();\nstartObj();\nplane(float(0.512506),float(0.707107),float(-0.487173),float(-15.7564));\nplane(float(0.688967),float(0),float(0.724793),float(-2.6));\nplane(float(0.512506),float(-0.707107),float(-0.487173),float(-23.0774));\nplane(float(-0.688967),float(0),float(-0.724793),float(-2.6));\nplane(float(-0.512506),float(-0.707107),float(0.487173),float(15.3564));\nplane(float(-0.512506),float(0.707107),float(0.487173),float(22.1774));\nendObj();\nstartObj();\nplane(float(0.600082),float(0.707107),float(-0.374034),float(-15.7564));\nplane(float(0.528964),float(0),float(0.848644),float(-2.6));\nplane(float(0.600082),float(-0.707107),float(-0.374034),float(-23.0774));\nplane(float(-0.528964),float(0),float(-0.848644),float(-2.6));\nplane(float(-0.600082),float(-0.707107),float(0.374034),float(15.3564));\nplane(float(-0.600082),float(0.707107),float(0.374034),float(22.1774));\nendObj();\nstartObj();\nplane(float(0.663091),float(0.707107),float(-0.245582),float(-15.7564));\nplane(float(0.347305),float(0),float(0.937752),float(-2.6));\nplane(float(0.663091),float(-0.707107),float(-0.245582),float(-23.0774));\nplane(float(-0.347305),float(0),float(-0.937752),float(-2.6));\nplane(float(-0.663091),float(-0.707107),float(0.245582),float(15.3564));\nplane(float(-0.663091),float(0.707107),float(0.245582),float(22.1774));\nendObj();\nstartObj();\nplane(float(0.698953),float(0.707107),float(-0.107076),float(-15.7564));\nplane(float(0.151428),float(0),float(0.988468),float(-2.6));\nplane(float(0.698953),float(-0.707107),float(-0.107076),float(-23.0774));\nplane(float(-0.151428),float(0),float(-0.988468),float(-2.6));\nplane(float(-0.698953),float(-0.707107),float(0.107076),float(15.3564));\nplane(float(-0.698953),float(0.707107),float(0.107076),float(22.1774));\nendObj();\nstartObj();\nplane(float(0.706199),float(0.707107),float(0.0358143),float(-15.7564));\nplane(float(-0.0506491),float(0),float(0.998717),float(-2.6));\nplane(float(0.706199),float(-0.707107),float(0.0358143),float(-23.0774));\nplane(float(0.0506491),float(0),float(-0.998717),float(-2.6));\nplane(float(-0.706199),float(-0.707107),float(-0.0358143),float(15.3564));\nplane(float(-0.706199),float(0.707107),float(-0.0358143),float(22.1774));\nendObj();\nstartObj();\nplane(float(0.684534),float(0.707107),float(0.177238),float(-15.7564));\nplane(float(-0.250653),float(0),float(0.968077),float(-2.6));\nplane(float(0.684534),float(-0.707107),float(0.177238),float(-23.0774));\nplane(float(0.250653),float(0),float(-0.968077),float(-2.6));\nplane(float(-0.684534),float(-0.707107),float(-0.177238),float(15.3564));\nplane(float(-0.684534),float(0.707107),float(-0.177238),float(22.1774));\nendObj();\nstartObj();\nplane(float(0.634844),float(0.707107),float(0.311406),float(-15.7564));\nplane(float(-0.440394),float(0),float(0.897805),float(-2.6));\nplane(float(0.634844),float(-0.707107),float(0.311406),float(-23.0774));\nplane(float(0.440394),float(0),float(-0.897805),float(-2.6));\nplane(float(-0.634844),float(-0.707107),float(-0.311406),float(15.3564));\nplane(float(-0.634844),float(0.707107),float(-0.311406),float(22.1774));\nendObj();\nstartObj();\nplane(float(0.559163),float(0.707107),float(0.432824),float(-15.7563));\nplane(float(-0.612106),float(0),float(0.790776),float(-2.6));\nplane(float(0.559163),float(-0.707107),float(0.432824),float(-23.0774));\nplane(float(0.612106),float(0),float(-0.790776),float(-2.6));\nplane(float(-0.559163),float(-0.707107),float(-0.432824),float(15.3563));\nplane(float(-0.559163),float(0.707107),float(-0.432824),float(22.1774));\nendObj();\nstartObj();\nplane(float(0.46059),float(0.707107),float(0.536523),float(-15.7564));\nplane(float(-0.758758),float(0),float(0.651373),float(-2.6));\nplane(float(0.46059),float(-0.707107),float(0.536523),float(-23.0774));\nplane(float(0.758758),float(0),float(-0.651373),float(-2.6));\nplane(float(-0.46059),float(-0.707107),float(-0.536523),float(15.3564));\nplane(float(-0.46059),float(0.707107),float(-0.536523),float(22.1774));\nendObj();\nstartObj();\nplane(float(0.34316),float(0.707107),float(0.618256),float(-15.7563));\nplane(float(-0.874347),float(0),float(0.485302),float(-2.6));\nplane(float(0.34316),float(-0.707107),float(0.618256),float(-23.0774));\nplane(float(0.874347),float(0),float(-0.485302),float(-2.6));\nplane(float(-0.34316),float(-0.707107),float(-0.618256),float(15.3563));\nplane(float(-0.34316),float(0.707107),float(-0.618256),float(22.1774));\nendObj();\nstartObj();\nplane(float(0.211682),float(0.707107),float(0.674679),float(-15.7564));\nplane(float(-0.954139),float(0),float(0.299363),float(-2.6));\nplane(float(0.211681),float(-0.707107),float(0.674678),float(-23.0774));\nplane(float(0.954139),float(0),float(-0.299363),float(-2.6));\nplane(float(-0.211682),float(-0.707107),float(-0.674679),float(15.3564));\nplane(float(-0.211681),float(0.707107),float(-0.674678),float(22.1774));\nendObj();\nstartObj();\nplane(float(0.0715369),float(0.707107),float(0.703479),float(-15.7563));\nplane(float(-0.994869),float(0),float(0.101168),float(-2.6));\nplane(float(0.0715369),float(-0.707107),float(0.703479),float(-23.0774));\nplane(float(0.994869),float(0),float(-0.101168),float(-2.6));\nplane(float(-0.0715369),float(-0.707107),float(-0.703479),float(15.3563));\nplane(float(-0.0715369),float(0.707107),float(-0.703479),float(22.1774));\nendObj();\nstartObj();\nplane(float(-0.0715367),float(0.707107),float(0.703479),float(-15.7563));\nplane(float(-0.994869),float(0),float(-0.101168),float(-2.6));\nplane(float(-0.0715367),float(-0.707107),float(0.703479),float(-23.0774));\nplane(float(0.994869),float(0),float(0.101168),float(-2.6));\nplane(float(0.0715367),float(-0.707107),float(-0.703479),float(15.3563));\nplane(float(0.0715367),float(0.707107),float(-0.703479),float(22.1774));\nendObj();\nstartObj();\nplane(float(-0.211682),float(0.707107),float(0.674678),float(-15.7564));\nplane(float(-0.954139),float(0),float(-0.299363),float(-2.6));\nplane(float(-0.211682),float(-0.707107),float(0.674678),float(-23.0774));\nplane(float(0.954139),float(0),float(0.299363),float(-2.6));\nplane(float(0.211682),float(-0.707107),float(-0.674678),float(15.3564));\nplane(float(0.211682),float(0.707107),float(-0.674678),float(22.1774));\nendObj();\nstartObj();\nplane(float(-0.34316),float(0.707107),float(0.618257),float(-15.7564));\nplane(float(-0.874347),float(0),float(-0.485302),float(-2.6));\nplane(float(-0.34316),float(-0.707107),float(0.618256),float(-23.0774));\nplane(float(0.874347),float(0),float(0.485302),float(-2.6));\nplane(float(0.34316),float(-0.707107),float(-0.618257),float(15.3564));\nplane(float(0.34316),float(0.707107),float(-0.618256),float(22.1774));\nendObj();\nstartObj();\nplane(float(-0.46059),float(0.707107),float(0.536523),float(-15.7564));\nplane(float(-0.758758),float(0),float(-0.651372),float(-2.6));\nplane(float(-0.46059),float(-0.707107),float(0.536523),float(-23.0774));\nplane(float(0.758758),float(0),float(0.651372),float(-2.6));\nplane(float(0.46059),float(-0.707107),float(-0.536523),float(15.3564));\nplane(float(0.46059),float(0.707107),float(-0.536523),float(22.1774));\nendObj();\nstartObj();\nplane(float(-0.559163),float(0.707107),float(0.432824),float(-15.7563));\nplane(float(-0.612106),float(0),float(-0.790776),float(-2.6));\nplane(float(-0.559163),float(-0.707107),float(0.432824),float(-23.0774));\nplane(float(0.612106),float(0),float(0.790776),float(-2.6));\nplane(float(0.559163),float(-0.707107),float(-0.432824),float(15.3563));\nplane(float(0.559163),float(0.707107),float(-0.432824),float(22.1774));\nendObj();\nstartObj();\nplane(float(-0.634844),float(0.707107),float(0.311406),float(-15.7564));\nplane(float(-0.440394),float(0),float(-0.897804),float(-2.6));\nplane(float(-0.634844),float(-0.707107),float(0.311406),float(-23.0774));\nplane(float(0.440394),float(0),float(0.897804),float(-2.6));\nplane(float(0.634844),float(-0.707107),float(-0.311406),float(15.3564));\nplane(float(0.634844),float(0.707107),float(-0.311406),float(22.1774));\nendObj();\nstartObj();\nplane(float(-0.684534),float(0.707107),float(0.177238),float(-15.7564));\nplane(float(-0.250653),float(0),float(-0.968077),float(-2.6));\nplane(float(-0.684534),float(-0.707107),float(0.177238),float(-23.0774));\nplane(float(0.250653),float(0),float(0.968077),float(-2.6));\nplane(float(0.684534),float(-0.707107),float(-0.177238),float(15.3564));\nplane(float(0.684534),float(0.707107),float(-0.177238),float(22.1774));\nendObj();\nstartObj();\nplane(float(-0.706199),float(0.707107),float(0.0358149),float(-15.7564));\nplane(float(-0.0506499),float(0),float(-0.998717),float(-2.6));\nplane(float(-0.706199),float(-0.707107),float(0.0358149),float(-23.0774));\nplane(float(0.0506499),float(0),float(0.998717),float(-2.6));\nplane(float(0.706199),float(-0.707107),float(-0.0358149),float(15.3564));\nplane(float(0.706199),float(0.707107),float(-0.0358149),float(22.1774));\nendObj();\nstartObj();\nplane(float(-0.698953),float(0.707107),float(-0.107075),float(-15.7564));\nplane(float(0.151428),float(0),float(-0.988468),float(-2.6));\nplane(float(-0.698953),float(-0.707107),float(-0.107075),float(-23.0774));\nplane(float(-0.151428),float(0),float(0.988468),float(-2.6));\nplane(float(0.698953),float(-0.707107),float(0.107075),float(15.3564));\nplane(float(0.698953),float(0.707107),float(0.107075),float(22.1774));\nendObj();\nstartObj();\nplane(float(-0.663091),float(0.707107),float(-0.245582),float(-15.7564));\nplane(float(0.347305),float(0),float(-0.937752),float(-2.6));\nplane(float(-0.663091),float(-0.707107),float(-0.245582),float(-23.0774));\nplane(float(-0.347305),float(0),float(0.937752),float(-2.6));\nplane(float(0.663091),float(-0.707107),float(0.245582),float(15.3564));\nplane(float(0.663091),float(0.707107),float(0.245582),float(22.1774));\nendObj();\nstartObj();\nplane(float(-0.600082),float(0.707107),float(-0.374034),float(-15.7564));\nplane(float(0.528964),float(0),float(-0.848644),float(-2.6));\nplane(float(-0.600082),float(-0.707107),float(-0.374034),float(-23.0774));\nplane(float(-0.528964),float(0),float(0.848644),float(-2.6));\nplane(float(0.600082),float(-0.707107),float(0.374034),float(15.3564));\nplane(float(0.600082),float(0.707107),float(0.374034),float(22.1774));\nendObj();\nstartObj();\nplane(float(-0.512506),float(0.707107),float(-0.487173),float(-15.7564));\nplane(float(0.688967),float(0),float(-0.724793),float(-2.6));\nplane(float(-0.512506),float(-0.707107),float(-0.487173),float(-23.0774));\nplane(float(-0.688967),float(0),float(0.724793),float(-2.6));\nplane(float(0.512506),float(-0.707107),float(0.487173),float(15.3564));\nplane(float(0.512506),float(0.707107),float(0.487173),float(22.1774));\nendObj();\nstartObj();\nplane(float(-0.403947),float(0.707107),float(-0.580368),float(-15.7564));\nplane(float(0.820764),float(0),float(-0.571268),float(-2.6));\nplane(float(-0.403947),float(-0.707107),float(-0.580368),float(-23.0774));\nplane(float(-0.820764),float(0),float(0.571268),float(-2.6));\nplane(float(0.403947),float(-0.707107),float(0.580368),float(15.3564));\nplane(float(0.403947),float(0.707107),float(0.580368),float(22.1774));\nendObj();\nstartObj();\nplane(float(-0.278852),float(0.707107),float(-0.649801),float(-15.7564));\nplane(float(0.918958),float(0),float(-0.394356),float(-2.6));\nplane(float(-0.278852),float(-0.707107),float(-0.649801),float(-23.0774));\nplane(float(-0.918958),float(0),float(0.394356),float(-2.6));\nplane(float(0.278852),float(-0.707107),float(0.649801),float(15.3564));\nplane(float(0.278852),float(0.707107),float(0.649801),float(22.1774));\nendObj();\nstartObj();\nplane(float(-0.14234),float(0.707107),float(-0.692632),float(-15.7564));\nplane(float(0.97953),float(0),float(-0.201299),float(-2.6));\nplane(float(-0.14234),float(-0.707107),float(-0.692632),float(-23.0774));\nplane(float(-0.97953),float(0),float(0.201299),float(-2.6));\nplane(float(0.14234),float(-0.707107),float(0.692632),float(15.3564));\nplane(float(0.14234),float(0.707107),float(0.692632),float(22.1774));\nendObj();\n    \n    #endif\n    \nstartObj();\nplane(float(0.383867),float(0.920614),float(-0.0715337),float(13.6711));\nplane(float(0.888832),float(-0.389385),float(-0.241572),float(-7.57762));\nplane(float(-0.250248),float(0.0291498),float(-0.967743),float(3.81964));\nplane(float(-0.888832),float(0.389385),float(0.241572),float(1.97762));\nplane(float(-0.383867),float(-0.920614),float(0.0715337),float(-18.0711));\nplane(float(0.250248),float(-0.0291498),float(0.967743),float(-7.81964));\nendObj();\nstartObj();\nplane(float(0.410012),float(0.900413),float(-0.14542),float(18.3884));\nplane(float(0.838925),float(-0.434866),float(-0.327257),float(-7.87907));\nplane(float(-0.357905),float(0.0121831),float(-0.933679),float(3.68534));\nplane(float(-0.838925),float(0.434866),float(0.327257),float(2.47907));\nplane(float(-0.410012),float(-0.900413),float(0.14542),float(-22.7884));\nplane(float(0.357905),float(-0.0121831),float(0.933679),float(-6.68534));\nendObj();\nstartObj();\nplane(float(0.0244033),float(0.939602),float(-0.341399),float(24.3099));\nplane(float(0.844816),float(-0.201969),float(-0.495474),float(0.19967));\nplane(float(-0.534501),float(-0.276328),float(-0.798719),float(-4.15355));\nplane(float(-0.844816),float(0.201969),float(0.495474),float(-2.59967));\nplane(float(-0.0244033),float(-0.939602),float(0.341399),float(-27.3099));\nplane(float(0.534501),float(0.276328),float(0.798719),float(1.75355));\nendObj();\nstartObj();\nplane(float(0.317596),float(0.945882),float(0.0666309),float(6.54595));\nplane(float(0.676376),float(-0.176735),float(-0.715038),float(2.07443));\nplane(float(-0.664566),float(0.272161),float(-0.695903),float(0.841951));\nplane(float(-0.676376),float(0.176735),float(0.715038),float(-4.47443));\nplane(float(-0.317596),float(-0.945882),float(-0.0666309),float(-7.94595));\nplane(float(0.664566),float(-0.272161),float(0.695903),float(-4.84195));\nendObj();\nstartObj();\nplane(float(0.2856),float(0.864013),float(0.414626),float(5.54048));\nplane(float(0.783863),float(0.0383015),float(-0.619751),float(3.89471));\nplane(float(-0.551354),float(0.502011),float(-0.666329),float(4.75963));\nplane(float(-0.783863),float(-0.0383015),float(0.619751),float(-5.89471));\nplane(float(-0.2856),float(-0.864013),float(-0.414626),float(-10.1405));\nplane(float(0.551354),float(-0.502011),float(0.666329),float(-6.75963));\nendObj();\nstartObj();\nplane(float(-0.571276),float(0.468744),float(-0.673739),float(4.78791));\nplane(float(0.775637),float(0.0399012),float(-0.629917),float(3.75132));\nplane(float(-0.268386),float(-0.882433),float(-0.38637),float(-11.7256));\nplane(float(-0.775637),float(-0.0399012),float(0.629917),float(-6.15132));\nplane(float(0.571276),float(-0.468744),float(0.673739),float(-10.7879));\nplane(float(0.268386),float(0.882433),float(0.38637),float(9.32558));\nendObj();\nstartObj();\nplane(float(0.308545),float(0.928811),float(-0.205206),float(6.03705));\nplane(float(0.918407),float(-0.347056),float(-0.18995),float(-7.52246));\nplane(float(-0.247645),float(-0.129855),float(-0.960109),float(6.22725));\nplane(float(-0.918407),float(0.347056),float(0.18995),float(5.12246));\nplane(float(-0.308545),float(-0.928811),float(0.205206),float(-7.43705));\nplane(float(0.247645),float(0.129855),float(0.960109),float(-10.2273));\nendObj();\nstartObj();\nplane(float(0.431007),float(0.77232),float(0.466642),float(-0.784515));\nplane(float(0.899674),float(-0.40759),float(-0.156386),float(-8.04544));\nplane(float(0.0694185),float(0.48723),float(-0.870511),float(10.6768));\nplane(float(-0.899674),float(0.40759),float(0.156386),float(6.04544));\nplane(float(-0.431007),float(-0.77232),float(-0.466642),float(-3.81548));\nplane(float(-0.0694185),float(-0.48723),float(0.870511),float(-12.6768));\nendObj();\nstartObj();\nplane(float(0.430124),float(0.77742),float(0.458924),float(3.62615));\nplane(float(0.900341),float(-0.406668),float(-0.154942),float(-8.18314));\nplane(float(0.066175),float(0.479833),float(-0.874861),float(10.4767));\nplane(float(-0.900341),float(0.406668),float(0.154942),float(5.78314));\nplane(float(-0.430124),float(-0.77742),float(-0.458924),float(-9.62614));\nplane(float(-0.066175),float(-0.479833),float(0.874861),float(-12.8767));\nendObj();\nstartObj();\nplane(float(0.976008),float(0.210468),float(0.0557845),float(9.03892));\nplane(float(0.173523),float(-0.906622),float(0.384613),float(-21.4466));\nplane(float(0.131524),float(-0.365706),float(-0.921391),float(-1.29409));\nplane(float(-0.173523),float(0.906622),float(-0.384613),float(17.6466));\nplane(float(-0.976008),float(-0.210468),float(-0.0557845),float(-10.6389));\nplane(float(-0.131524),float(0.365706),float(0.921391),float(-0.905906));\nendObj();\nstartObj();\nplane(float(0.961897),float(0.266605),float(0.0606273),float(10.5645));\nplane(float(0.213293),float(-0.870442),float(0.443663),float(-17.4709));\nplane(float(0.171056),float(-0.413827),float(-0.89414),float(-1.59577));\nplane(float(-0.213293),float(0.870442),float(-0.443663),float(13.6709));\nplane(float(-0.961897),float(-0.266605),float(-0.0606273),float(-11.9645));\nplane(float(-0.171056),float(0.413827),float(0.89414),float(-0.00423229));\nendObj();\nstartObj();\nplane(float(0.960554),float(0.270338),float(0.0652159),float(11.1644));\nplane(float(0.214924),float(-0.870481),float(0.4428),float(-14.306));\nplane(float(0.176475),float(-0.411317),float(-0.894246),float(-2.16547));\nplane(float(-0.214924),float(0.870481),float(-0.4428),float(11.506));\nplane(float(-0.960554),float(-0.270338),float(-0.0652159),float(-11.7644));\nplane(float(-0.176475),float(0.411317),float(0.894246),float(-0.0345296));\nendObj();\nstartObj();\nplane(float(-0.624082),float(0.264051),float(-0.73539),float(9.30376));\nplane(float(-0.276092),float(-0.954977),float(-0.108594),float(-25.9317));\nplane(float(-0.730955),float(0.135264),float(0.668887),float(-1.63207));\nplane(float(0.276092),float(0.954977),float(0.108594),float(22.1317));\nplane(float(0.624082),float(-0.264051),float(0.73539),float(-10.9038));\nplane(float(0.730955),float(-0.135264),float(-0.668887),float(-0.567926));\nendObj();\nstartObj();\nplane(float(-0.682675),float(0.247512),float(-0.687526),float(8.86892));\nplane(float(-0.730557),float(-0.211166),float(0.649381),float(-13.1815));\nplane(float(0.0155472),float(0.945593),float(0.32498),float(23.4904));\nplane(float(0.730557),float(0.211166),float(-0.649381),float(9.38148));\nplane(float(0.682675),float(-0.247512),float(0.687526),float(-10.2689));\nplane(float(-0.0155472),float(-0.945593),float(-0.32498),float(-25.0904));\nendObj();\nstartObj();\nplane(float(-0.873077),float(0.112964),float(-0.474316),float(3.26787));\nplane(float(-0.487496),float(-0.220571),float(0.844805),float(-16.0544));\nplane(float(-0.00918784),float(0.968807),float(0.247645),float(24.6254));\nplane(float(0.487496),float(0.220571),float(-0.844805),float(13.2544));\nplane(float(0.873077),float(-0.112964),float(0.474316),float(-3.86787));\nplane(float(0.00918784),float(-0.968807),float(-0.247645),float(-26.8254));\nendObj();\nstartObj();\nplane(float(-0.404842),float(0.606909),float(-0.683934),float(5.27828));\nplane(float(-0.684773),float(-0.696909),float(-0.213084),float(-15.3175));\nplane(float(-0.605962),float(0.382074),float(0.697732),float(8.24442));\nplane(float(0.684773),float(0.696909),float(0.213084),float(9.71747));\nplane(float(0.404842),float(-0.606909),float(0.683934),float(-9.67828));\nplane(float(0.605962),float(-0.382074),float(-0.697732),float(-12.2444));\nendObj();\nstartObj();\nplane(float(-0.452925),float(0.488078),float(-0.746082),float(7.57183));\nplane(float(-0.568503),float(-0.802743),float(-0.180023),float(-17.2584));\nplane(float(-0.686777),float(0.342613),float(0.641056),float(8.03015));\nplane(float(0.568503),float(0.802743),float(0.180023),float(11.8584));\nplane(float(0.452925),float(-0.488078),float(0.746082),float(-11.9718));\nplane(float(0.686777),float(-0.342613),float(-0.641056),float(-11.0301));\nendObj();\nstartObj();\nplane(float(-0.461995),float(0.359991),float(-0.810535),float(9.89887));\nplane(float(-0.563642),float(-0.82479),float(-0.0450535),float(-16.3138));\nplane(float(-0.68474),float(0.436037),float(0.583955),float(10.3887));\nplane(float(0.563642),float(0.82479),float(0.0450535),float(13.9138));\nplane(float(0.461995),float(-0.359991),float(0.810535),float(-12.8989));\nplane(float(0.68474),float(-0.436037),float(-0.583955),float(-12.7887));\nendObj();\nstartObj();\nplane(float(-0.229404),float(0.943796),float(-0.237957),float(3.09395));\nplane(float(-0.801951),float(-0.321821),float(-0.503295),float(-7.96747));\nplane(float(-0.551588),float(0.0753718),float(0.830705),float(6.67326));\nplane(float(0.801951),float(0.321821),float(0.503295),float(5.56747));\nplane(float(0.229404),float(-0.943796),float(0.237957),float(-4.49395));\nplane(float(0.551588),float(-0.0753718),float(-0.830705),float(-10.6733));\nendObj();\nstartObj();\nplane(float(0.027272),float(0.850179),float(-0.525786),float(0.363057));\nplane(float(-0.829585),float(-0.274208),float(-0.486414),float(-7.19111));\nplane(float(-0.557714),float(0.44945),float(0.697818),float(10.0393));\nplane(float(0.829585),float(0.274208),float(0.486414),float(5.19111));\nplane(float(-0.027272),float(-0.850179),float(0.525786),float(-4.96306));\nplane(float(0.557714),float(-0.44945),float(-0.697818),float(-12.0393));\nendObj();\nstartObj();\nplane(float(0.0315713),float(0.850039),float(-0.525773),float(4.45892));\nplane(float(-0.827359),float(-0.272915),float(-0.490913),float(-7.29927));\nplane(float(-0.560786),float(0.450501),float(0.694671),float(9.93876));\nplane(float(0.827359),float(0.272915),float(0.490913),float(4.89927));\nplane(float(-0.0315713),float(-0.850039),float(0.525773),float(-10.4589));\nplane(float(0.560786),float(-0.450501),float(-0.694671),float(-12.3388));\nendObj();\nstartObj();\nplane(float(-0.238607),float(0.948859),float(-0.206721),float(5.0063));\nplane(float(-0.925974),float(-0.286449),float(-0.246008),float(-9.61538));\nplane(float(-0.292642),float(0.132719),float(0.946967),float(5.18016));\nplane(float(0.925974),float(0.286449),float(0.246008),float(7.21538));\nplane(float(0.238607),float(-0.948859),float(0.206721),float(-6.4063));\nplane(float(0.292642),float(-0.132719),float(-0.946967),float(-9.18016));\nendObj();\nstartObj();\nplane(float(-0.0642616),float(0.693782),float(-0.717312),float(0.19417));\nplane(float(-0.916354),float(-0.325665),float(-0.232889),float(-9.60213));\nplane(float(-0.395177),float(0.642347),float(0.656678),float(9.36128));\nplane(float(0.916354),float(0.325665),float(0.232889),float(7.60213));\nplane(float(0.0642616),float(-0.693782),float(0.717312),float(-4.79417));\nplane(float(0.395177),float(-0.642347),float(-0.656678),float(-11.3613));\nendObj();\nstartObj();\nplane(float(-0.389552),float(0.86323),float(0.321068),float(11.009));\nplane(float(-0.916381),float(-0.328395),float(-0.228916),float(-9.34267));\nplane(float(-0.0921705),float(-0.383395),float(0.918974),float(-1.85287));\nplane(float(0.916381),float(0.328395),float(0.228916),float(6.94267));\nplane(float(0.389552),float(-0.86323),float(-0.321068),float(-17.009));\nplane(float(0.0921705),float(0.383395),float(-0.918974),float(-0.547131));\nendObj();\nstartObj();\nplane(float(-0.645844),float(-0.299967),float(-0.702072),float(-2.19144));\nplane(float(0.0185584),float(-0.925478),float(0.378348),float(-17.4355));\nplane(float(-0.763244),float(0.231324),float(0.603281),float(6.82795));\nplane(float(-0.0185584),float(0.925478),float(-0.378348),float(13.6355));\nplane(float(0.645844),float(0.299967),float(0.702072),float(0.591437));\nplane(float(0.763244),float(-0.231324),float(-0.603281),float(-9.02795));\nendObj();\nstartObj();\nplane(float(-0.645418),float(-0.301008),float(-0.702018),float(-1.66032));\nplane(float(0.710315),float(-0.574482),float(-0.406722),float(-13.3649));\nplane(float(-0.28087),float(-0.76116),float(0.584592),float(-10.4127));\nplane(float(-0.710315),float(0.574482),float(0.406722),float(9.56492));\nplane(float(0.645418),float(0.301008),float(0.702018),float(0.260324));\nplane(float(0.28087),float(0.76116),float(-0.584592),float(